((("label" .
   [1 0 0 0 0])
  ("anything" .
   [1 0 0 0 0 0 0 0])
  ("keyPressEvent" .
   [0 0 0 0 1 0 0 0 0 0 0 0 0])
  ("delete-other-windows" .
   [0 0 0 0 0 0 0 0 0 0 0 0 0 0 0 0 0 0 0 1])
  ("next-window" .
   [1 0 0 0 0 0 1 0 0 0 0])
  ("ibuffer-list-buffers" .
   [1 0 0 0 0 0 0 0 0 0 0 0 0 0 0 0 0 0 0 0])
  ("other-window" .
   [1 0 0 0 0 0 0 0 0 0 0 0])
  ("list-buffers-noselect" .
   [1 0 0 0 0 0 0 0 0 0 0 0 0 0 0 0 0 0 0 0 0])
  ("switch-to-buffer" .
   [0 0 0 0 0 0 0 0 0 0 0 0 0 0 0 1])
  ("windmove-down" .
   [1 0 0 0 0 0 0 0 0 0 0 0 0])
  ("list-buffers" .
   [1 0 0 0 0 0 0 0 0 0 0 0])
  ("global-set-key" .
   [1 0 0 0 0 0 0 0 0 0 0 0 0 1])
  ("move" .
   [1 0 0 0])
  ("QWidget" .
   [1 0 1 0 0 0 0])
  ("statusBar" .
   [1 0 0 0 0 0 0 0 0])
  ("sender" .
   [2 0 0 0 0 0])
  ("buttonClicked" .
   [1 0 0 0 0 0 0 0 0 0 0 0 0])
  ("show" .
   [1 0 0 0])
  ("setLayout" .
   [0 0 0 0 1 0 0 0 0])
  ("150" .
   [1 0 0])
  ("300" .
   [3 0 0])
  ("setGeometry" .
   [0 0 0 0 1 0 0 0 0 0 0])
  ("connect" .
   [1 0 0 0 0 0 0])
  ("btn2" .
   [3 0 0 0])
  ("btn1" .
   [4 0 0 0])
  ("addWidget" .
   [0 0 0 0 0 0 0 0 2])
  ("QGridLayout" .
   [0 0 1 0 0 0 0 0 0 0 0])
  ("grid" .
   [4 0 0 0])
  ("self" .
   [15 0 0 0])
  ("QPushButton" .
   [0 0 0 0 0 0 0 2 0 0 0])
  ("QtGui" .
   [4 0 0 0 2])
  ("oswald" .
   [1 0 0 0 0 0])
  ("life" .
   [1 0 0 0])
  ("else" .
   [2 0 0 0])
  ("append" .
   [2 0 0 0 0 0])
  ("tlst" .
   [26 0 0 0])
  ("sum" .
   [25 0 0])
  ("list" .
   [1 0 0 0])
  ("int" .
   [2 0 0])
  ("d_out" .
   [1 0 0 0 0])
  ("out" .
   [9 0 0])
  ("you" .
   [1 0 0])
  ("ask_ok" .
   [2 0 0 0 0 0])
  ("complaint" .
   [1 0 0 0 0 0 0 0 0])
  ("retries" .
   [3 0 0 0 0 0 0])
  ("True" .
   [2 0 0 0])
  ("prompt" .
   [1 0 0 0 0 0])
  ("d_list" .
   [2 0 0 0 0 0])
  ("alst" .
   [2 0 0 0])
  ("return" .
   [4 0 0 0 0 0])
  ("range" .
   [8 0 0 0 0])
  ("llst" .
   [2 0 1 0])
  ("num" .
   [1 0 0])
  ("c_list" .
   [2 0 1 0 0 0])
  ("for" .
   [9 0 0])
  ("len" .
   [1 0 0])
  ("encode" .
   [1 0 0 0 0 0])
  ("aiu" .
   [1 0 0])
  ("hello_u" .
   [3 0 0 0 0 0 0])
  ("Example" .
   [1 0 0 0 0 0 0])
  ("class" .
   [2 0 0 0 0])
  ("PyQt4" .
   [0 0 1 0 0])
  ("from" .
   [1 0 0 0])
  ("import" .
   [3 0 0 0 0 0])
  ("dvipdfmx" .
   [1 0 0 0 0 0 0 0])
  ("zshrc" .
   [1 0 0 0 0])
  ("use" .
   [1 0 0])
  ("is" .
   [1 0])
  ("file" .
   [2 0 0 0])
  ("ril" .
   [1 0 0])
  ("let" .
   [4 0 0])
  ("test" .
   [2 0 0 0])
  ("op-func" .
   [1 0 0 0 0 0 0])
  ("Menq" .
   [1 0 0 0])
  ("subset" .
   [2 0 0 0 0 0])
  ("set2" .
   [2 0 0 0])
  ("memq" .
   [1 0 0 0])
  ("and" .
   [1 0 0])
  ("set1" .
   [3 0 0 0])
  ("C-m" .
   [1 0 0])
  ("keyboard-translate" .
   [1 0 0 0 0 0 0 0 0 0 0 0 0 0 0 0 0 0])
  ("del" .
   [1 0 0])
  ("new" .
   [5 0 0])
  ("old" .
   [4 0 0])
  ("cdr" .
   [16 0 0])
  ("cd" .
   [1 0])
  ("Ripl" .
   [3 0 0 0])
  ("n" .
   [1])
  ("s" .
   [1])
  ("lst" .
   [52 0 0])
  ("fib" .
   [5 0 0])
  ("f" .
   [1])
  ("eq" .
   [7 0])
  ("newline-and-indent" .
   [0 0 0 0 0 0 0 0 0 0 0 2 0 0 0 0 0 1])
  ("1-" .
   [1 0])
  ("geom-prog" .
   [2 0 0 0 0 0 0 0 0])
  ("expt" .
   [1 0 0 0])
  ("car" .
   [31 0 1])
  ("set" .
   [6 0 0])
  ("cons" .
   [22 0 0 0])
  ("factorial" .
   [1 0 0 0 0 0 0 0 0])
  ("zerop" .
   [2 0 0 0 0])
  ("cond" .
   [13 0 0 0])
  ("defun" .
   [25 0 0 0 0])
  ("jedi:complete-on-dot" .
   [1 0 0 0 0 0 0 0 0 0 0 0 0 0 0 0 0 0 0 0])
  ("jedi:ac-setup" .
   [0 0 0 0 0 0 0 1 0 0 0 0 0])
  ("dolist" .
   [1 0 0 0 0 0])
  ("setq" .
   [27 0 0 0])
  ("nil" .
   [23 0 0])
  ("tabbar-mode" .
   [1 0 0 0 0 0 0 0 0 0 0])
  ("tabbar" .
   [1 0 0 0 0 0])
  ("require" .
   [4 0 0 0 1 0 0])
  ("t" .
   [3])
  ("alias" .
   [2 0 0 0 0])
  ("emacsclient" .
   [0 0 1 0 0 0 0 0 0 0 0])
  ("kill-emacs" .
   [1 0 0 0 0 0 0 0 0 0])
  ("python" .
   [1 0 0 0 0 0])
  ("add-hook" .
   [1 0 0 0 0 0 0 1])
  ("python-mode-hook" .
   [1 0 0 0 0 0 0 0 0 1 0 0 0 0 0 0])
  ("define-key" .
   [1 0 0 0 0 0 0 0 0 0])
  ("python-mode-map" .
   [1 0 0 0 0 0 0 0 0 0 0 0 0 0 0])
  ("kbd" .
   [5 0 0])
  ("consp" .
   [3 0 0 0 0])
  ("c" .
   [2])
  ("atom" .
   [6 0 0 0])
  ("Consp" .
   [5 0 0 0 0])
  ("null" .
   [6 0 0 0])
  ("listp" .
   [1 0 0 0 0])
  ("recent" .
   [1 0 0 0 0 0])
  ("recentf-ext" .
   [1 0 0 0 0 0 0 0 0 0 0])
  ("when" .
   [2 0 0 0])
  ("recentf-max-saved-items" .
   [1 0 0 0 0 0 0 0 0 0 0 0 0 0 0 0 0 0 0 0 0 0 0])
  ("recentf-exclude" .
   [1 0 0 0 0 0 0 0 0 0 0 0 0 0 0])
  ("whitespace" .
   [1 0 0 0 0 0 0 0 0 0])
  ("calc" .
   [14 0 0 0])
  ("exp" .
   [36 0 0])
  ("assq" .
   [6 0 0 0])
  ("funcall" .
   [2 0 0 0 0 0 0])
  ("op" .
   [8 0])
  ("arg1" .
   [2 0 0 0])
  ("arg2" .
   [2 0 0 0])
  ("op-fun" .
   [2 0 0 0 0 0])
  ("sys" .
   [2 0 0])
  ("op-up" .
   [5 0 0 0 0])
  ("while" .
   [5 0 0 0 0])
  ("condition-case" .
   [0 0 0 0 0 0 0 0 0 0 0 0 0 1])
  ("export" .
   [1 0 0 0 0 0])
  ("autoload" .
   [1 0 0 0 0 0 0 0])
  ("colors" .
   [1 0 0 0 0 0])
  ("if" .
   [18 0])
  ("__name__" .
   [1 0 0 0 0 0 0 0])
  ("main" .
   [2 0 0 0])
  ("def" .
   [13 0 0])
  ("print" .
   [52 0 0 0 0])
  ("currency" .
   [3 0 0 0 0 0 0 0])
  ("hello" .
   [5 0 0 0 0])
  ("word" .
   [6 0 0 0])
  ("diagram1" .
   [0 0 0 0 1 0 0 0])
  ("100" .
   [2 0 1])
  ("theme" .
   [4 0 0 0 0])
  ("load-theme" .
   [1 0 0 0 0 0 0 0 0 0])
  ("now" .
   [6 0 0])
  ("conf-mode" .
   [0 0 0 0 1 0 0 0 0])
  ("disable-theme" .
   [1 0 0 0 0 0 0 0 0 0 0 0 1])
  ("conf_theme" .
   [4 0 0 0 0 0 0 0 0 0])
  ("molokai" .
   [4 0 0 0 0 0 0])
  ("patchouli" .
   [1 0 0 0 0 1 0 0 0])
  ("interactive" .
   [3 0 0 0 0 0 0 0 0 0 1])
  ("ntheme" .
   [6 0 0 0 0 0])
  ("conf" .
   [1 0 0 0])
  ("lambda" .
   [3 0 0 0 0 0])
  ("sum2" .
   [5 0 0 0])
  ("sum3" .
   [2 0 0 0])
  ("sum1" .
   [4 0 0 0])
  ("str" .
   [5 0 0])))
